Iteration: 1; Guess of 8.00e+00 produced a keff of 1.66007 +/- 0.00029
Iteration: 2; Guess of 8.00e+00 produced a keff of 1.66060 +/- 0.00026
Iteration: 3; Guess of 6.87e+00 produced a keff of 1.64593 +/- 0.00027
